5449
6140
5902
5543
6392
5425
5121
5506
5696
6239
6143
5485
5990
5322
6138
5986
5756
5323
5158
5921
5855
5478
5898
5415
6054
5161
5318
5218
5460
6056
6313
5595
5256
5353
5044
5177
6029
5980
5493
5528
5904
5895
5881
5275
5829
5426
6334
5548
5988
5714
5254
5309
5253
5255
5983
5752
5005
6240
5546
5695
5684
5751
6274
5882
5730
5495
5489
5749
6244
5599
5503
5319
5418
5454
5937
5416
5989
5505
6352
6237
6139
5901
5421
5498
5602
5083
5944
5456
6122
6333
5417
5981
5165
6417
5758
5527
5082
5805
5308
5828
5120
5214
5530
6026
5452
5008
5251
6047
6238
6008
5925
5873
6366
5156
5875
6311
6224
6169
5922
5877
5615
5896
5715
5890
6141
5179
5215
5685
6246
5641
5058
5807
5122
5423
5716
5652
5262
5978
5429
5542
5598
5984
5354
5261
6044
5003
5888
5422
5124
5219
6009
6087
5892
6168
5616
5754
5547
5393
5889
5750
5963
5500
5004
5303
6269
6243
5885
5019
5757
6267
5809
5321
5529
5643
5748
5501
6137
5213
5259
5596
5745
5653
6418
5507
5136
5453
6367
5544
6046
6271
5252
5488
5480
5080
5504
5274
5578
5920
5654
5924
5260
5394
6041
5263
6223
5642
6121
5497
5939
5491
5825
5753
5320
5487
6042
6270
5940
5157
5479
5496
5639
5392
6177
5614
5451
6312
6199
5667
5666
6198
5006
5427
5887
5755
6200
5461
6120
5982
6416
5277
5884
6142
6268
5880
6266
5166
5258
5420
5490
5135
5655
5391
5682
5853
5905
6045
5576
5827
5492
5943
5574
5307
5428
5874
6006
5458
5883
6030
5808
5964
5305
5159
5540
6178
6024
5484
5832
6031
5459
6028
5729
5601
6415
5483
5324
5894
5830
6025
5854
5164
6350
5903
6296
5600
5486
5007
6055
5747
5872
5856
5482
5424
5987
6222
5597
5876
5824
5178
6085
5979
6197
5985
5572
5899
5020
6241
5276
5938
5806
6272
6043
5502
5893
6105
5160
5886
6007
5923
5942
5665
6225
5577
5257
6273
5481
5162
5217
5457
6245
5879
6005
6309
5575
5494
5900
5216
5304
5499
5746
5545
5045
6236
5278
6242
5123
5450
5306
5419
5897
5831
6086
5891
5455
6351
5878
5826
5081
6420
6393
6040
5573
6310
5640
5936
5541
6221
5163
6027
5941
5683
6419
5567
5411
5965
5926
6424
5686
5039
5710
5296
5727
6247
6180
6127
5843
5967
6285
6152
6369
5927
6388
5772
5786
6396
5517
6104
6124
6399
5031
6256
6353
5645
5033
5211
5515
5617
5690
5524
5538
5763
5271
5298
5782
5814
6119
5591
6048
5959
6254
5134
6130
6304
5708
5118
5839
5562
6279
6091
5062
6206
5359
5994
6249
5202
5196
5549
5397
5559
5803
5463
6089
6102
5358
5557
5316
5769
5470
5995
6079
5395
6170
5800
5432
6165
5637
6108
6171
6175
5037
5568
6278
6401
6205
5446
5508
5976
5851
6148
5184
6411
6409
5519
6090
6446
6021
5869
6294
6423
6354
5777
6211
6193
5907
5656
6204
5328
6305
5061
6078
6302
6004
6129
6408
6128
5761
6433
6156
6126
6093
6136
5155
5362
5520
5195
6220
6355
6034
5471
5250
5784
6258
6131
6261
6337
5063
5186
5823
5207
5650
5188
5822
5041
6260
5208
5734
6412
6297
6441
5612
5778
5838
5835
6216
5435
5961
5518
5509
5689
6442
6049
5021
6449
5688
5329
6052
5857
5934
5592
5767
5638
5431
5327
5526
6053
5973
5706
5363
5445
5933
5036
6250
5284
5137
6275
6295
5671
6391
6444
5332
6234
5556
6210
5433
6208
5657
5833
5028
5759
5560
5385
5090
6395
5297
5726
6286
5361
5285
6331
5301
5960
5029
6308
6336
5946
6288
6149
5201
5928
5664
5279
5693
5302
5154
5117
6386
6150
6265
5783
5773
6166
6398
6209
6167
5282
5522
6447
5977
5473
5672
6307
6339
6092
5129
5821
5670
5651
6235
5658
5475
5364
6306
5441
5317
5448
5191
5510
5273
5558
6290
6075
6181
5845
5860
5728
5185
5182
5356
6100
5932
6003
5676
5802
5762
6368
6101
5993
6445
6229
5712
5464
5199
6212
6233
6385
5744
5687
6421
5947
5962
5088
5315
5594
6094
6203
5387
5681
6389
6431
6194
5698
5060
6430
6280
6263
5765
5561
5971
5032
5779
5603
6095
5724
5604
5192
5906
6057
5042
5197
5311
6011
5181
5774
5221
5525
5732
6012
5804
5613
6174
5300
5462
5167
5414
6157
5680
6390
6123
6077
5991
6195
6001
5619
5707
6201
5472
5077
6219
6218
5089
5084
5325
5047
5281
5605
6387
5668
5333
5731
5564
5644
5709
6179
5310
5678
6397
6448
5442
5264
5859
5331
6276
6394
6192
5974
5173
6176
5125
6154
5172
6230
6125
5175
5918
6299
5512
5743
6315
6184
5200
6106
6259
5390
5565
5169
5443
5222
5017
5176
5043
6264
6163
6033
5834
6292
5673
6227
5447
5787
5444
5607
5360
6158
5412
5581
5582
5635
5466
6226
5844
5272
5034
5811
6293
5836
5852
6348
5908
6076
5040
6196
5919
6099
5128
6183
5474
5085
6289
5563
5841
6182
5812
5131
5935
5966
5618
